404
247
988
560
772
106
73
630
1
378
673
406
960
616
940
774
395
401
467
91
880
718
557
983
415
854
72
836
38
77
777
748
737
460
92
546
635
831
376
370
288
975
32
503
134
335
209
927
433
962
307
987
401
775
813
901
620
858
522
57
989
680
468
351
498
835
309
299
822
445
873
813
81
88
111
672
221
905
157
729
889
89
921
720
259
289
585
290
326
979
281
272
751
201
59
86
252
40
826
36
94
256
164
569
711
140
270
965
177
183
840
795
316
557
458
757
697
922
7
966
482
2
368
394
118
592
385
209
257
520
388
529
369
763
923
202
310
982
195
928
530
671
649
535
26
893
921
462
288
872
12
551
280
855
739
419
900
527
203
826
15
993
581
828
822
336
242
424
658
247
915
161
161
345
392
633
21
210
49
477
213
208
480
472
741
302
399
338
969
728
609
909
123
175
168
616
402
504
947
182
850
610
109
682
714
149
637
729
23
688
461
940
156
392
485
277
988
477
136
935
64
963
559
787
364
799
954
705
213
812
293
864
759
408
121
282
67
622
913
970
482
183
822
592
979
207
222
931
846
838
108
449
841
821
648
853
534
928
767
837
414
620
663
737
879
774
132
204
639
276
699
896
975
18
957
133
567
147
675
443
586
824
163
571
387
225
810
902
212
974
370
785
72
184
661
27
837
246
179
239
574
337
431
466
700
950
399
439
222
103
705
321
172
911
299
983
577
162
833
826
613
292
354
989
736
82
983
299
111
223
571
357
812
921
711
598
18
681
491
356
986
551
658
746
459
618
409
98
645
282
677
276
276
12
677
963
795
22
260
398
876
451
192
902
286
556
11
982
616
966
29
969
69
177
182
462
380
975
911
233
654
163
172
436
13
505
771
859
343
270
736
547
657
461
849
982
724
770
872
36
18
977
964
225
948
783
52
514
193
747
895
891
691
261
936
983
820
740
249
264
808
89
916
196
457
675
175
922
756
430
616
481
579
261
945
463
803
686
499
386
810
495
805
529
625
382
811
269
75
330
463
198
20
426
70
176
124
198
451
392
26
845
40
59
626
373
454
947
954
884
342
105
632
995
357
295
729
955
677
820
472
883
747
371
593
892
945
703
889
694
628
586
989
585
417
423
500
462
258
657
342
443
825
740
388
605
922
859
309
775
524
559
826
593
630
188
586
789
96
629
542
612
874
461
287
518
961
343
568
609
199
884
684
701
169
721
764
585
956
864
281
989
865
936
190
879
774
872
64
132
160
671
427
925
699
688
440
563
230
926
589
581
575
290
642
192
816
940
157
176
1
456
759
156
372
47
228
936
269
945
544
780
832
917
762
333
539
273
34
296
721
998
928
185
351
68
146
425
603
910
422
646
875
230
75
286
627
812
988
112
743
14
111
502
183
89
164
796
371
514
25
55
771
360
215
470
114
324
665
69
851
236
10
893
268
2
895
44
446
326
287
667
152
380
305
135
966
59
267
5
201
803
913
541
20
424
269
920
842
781
706
596
355
229
840
765
530
534
668
864
192
913
876
555
789
145
391
150
65
973
305
168
667
123
727
887
48
992
712
640
112
489
764
13
682
166
867
467
653
911
352
897
741
156
478
209
952
796
617
913
460
474
788
540
456
111
286
418
202
876
841
984
180
382
555
754
37
422
505
749
127
22
221
137
338
472
847
898
122
448
29
290
184
878
457
612
813
146
662
818
879
16
870
311
448
69
642
280
310
227
325
679
1
925
723
282
368
334
727
177
988
742
430
881
425
255
444
958
753
413
745
573
521
845
113
32
334
314
828
483
501
100
352
811
960
495
502
221
776
729
550
977
64
909
636
365
642
546
562
888
504
732
134
224
349
2
684
412
975
481
653
670
336
660
110
319
536
596
37
587
311
35
20
951
983
675
245
992
185
202
30
858
396
641
531
710
299
108
263
29
815
763
947
423
193
160
337
921
823
754
333
518
49
665
330
465
513
170
364
213
214
52
441
170
986
782
557
314
868
253
757
483
862
33
579
634
97
224
3
613
891
238
733
78
691
654
947
890
813
765
177
920
705
123
769
777
995
550
610
999
618
248
395
132
229
373
185
778
757
409
19
285
789
551
785
218
806
209
50
501
951
479
316
957
269
970
633
189
646
181
711
288
313
606
508
51
443
877
925
336
67
13
394
808
124
31
952
327
560
190
260
72
412
69
880
302
430
978
156
453
70
472
495
649
516
46
77
359
856
445
84
769
421
448
108
231
835
39
903
549
866
857
79
632
765
450
285
519
40
927
561
329
623
860
622
810
780
802
763
986
701
261
136
396
269
363
336
132
154
514
714
202
652
765
766
435
718
133
857
882
651
154
246
750
350
194
404
40
506
41
445
749
774
606
627
335
208
615
771
756
817
867
349
541
134
835
149
620
333
292
11
469
341
239
491
551
674
141
608
862
81
681
943
995
721
376
222
350
979
500
642
485
146
38
630
580
604
635
661
162
686
459
350
428
885
723
540
658
40
538
450
313
235
345
533
760
960
571
20
17
203
267
574
682
767
916
720
95
537
563
986
228
866
939
863
855
863
297
955
86
899
514
628
60
167
177
540
383
702
38
720
269
115
646
722
485
835
260
85
554
880
354
291
790
903
647
687
19
853
733
754
147
698
478
84
258
26
627
523
855
938
315
358
703
167
264
708
196
199
417
559
141
166
61
525
600
557
55
269
937
825
839
147
675
661
139
726
187
367
931
788
181
288
227
122
12
548
732
345
672
138
126
487
4
3
401
376
715
49
411
257
79
659
371
211
651
207
816
199
716
803
218
459
93
540
239
134
112
823
682
862
685
451
345
80
603
261
321
923
787
872
175
249
344
406
383
193
218
969
360
556
395
344
898
575
174
494
25
845
922
906
459
854
928
181
549
967
349
397
408
575
741
303
424
67
355
609
859
728
950
432
324
617
596
603
953
787
810
405
276
592
972
364
132
125
62
596
232
287
18
816
833
859
678
274
947
63
644
534
863
920
492
276
445
883
638
137
578
467
138
471
677
166
252
838
673
172
142
333
48
729
887
47
926
644
718
109
641
939
303
264
915
892
914
764
91
986
226
377
627
882
882
482
847
381
895
513
473
89
516
878
816
494
926
831
109
464
836
624
418
344
539
495
30
226
527
751
113
777
180
836
10
251
481
45
569
484
272
476
518
765
190
42
349
541
83
232
433
488
266
255
629
11
857
479
50
407
190
543
384
482
922
678
100
811
445
700
857
676
195
951
471
357
121
781
426
252
666
597
497
850
319
760
858
953
232
567
793
488
778
875
54
554
748
168
682
955
90
772
240
258
104
559
301
944
978
658
117
369
867
840
86
417
944
694
312
96
291
866
563
388
569
852
707
447
424
472
572
804
132
970
823
546
909
869
12
18
267
190
281
278
810
413
220
613
220
980
574
771
235
355
500
722
120
882
146
747
383
134
79
845
274
71
925
473
813
860
464
534
280
949
182
602
764
91
467
262
440
543
399
463
679
606
961
659
67
231
581
565
735
363
493
620
204
471
360
323
80
252
899
477
154
175
257
947
65
918
827
773
424
360
439
964
280
284
763
417
279
607
486
921
279
984
29
194
722
376
109
119
960
305
147
106
512
119
692
763
44
96
112
228
556
670
994
426
20
366
768
223
835
196
425
169
407
630
407
924
958
821
17
313
444
66
151
870
231
732
229
9
319
342
877
805
950
215
979
503
757
599
914
989
973
945
259
399
989
4
783
879
429
281
168
49
275
962
801
32
908
599
702
438
841
30
171
542
581
30
726
676
129
399
412
116
820
412
405
257
761
60
672
181
456
537
136
700
947
691
554
296
427
466
59
243
745
667
637
358
788
485
535
388
974
641
268
329
37
763
841
547
431
214
723
811
463
680
963
666
907
782
893
213
758
110
269
920
864
786
401
749
229
99
541
125
654
944
538
217
11
422
932
765
639
485
231
512
871
858
278
14
572
886
784
648
837
765
364
454
817
272
230
261
857
464
211
436
287
240
855
408
780
864
241
705
414
83
591
547
856
387
166
29
286
85
432
383
594
732
730
422
611
959
766
660
642
459
79
748
784
329
497
499
417
684
78
713
807
936
394
726
844
42
125
476
790
82
872
416
414
973
648
968
837
933
103
854
548
176
45
608
864
512
783
388
850
72
582
881
221
434
495
104
332
633
791
768
756
798
258
794
912
598
592
963
634
899
776
757
690
341
789
14
904
945
199
553
585
281
644
803
50
497
285
723
925
539
226
815
908
263
689
300
460
39
954
972
120
883
966
417
931
841
932
481
867
906
146
949
620
143
930
3
37
712
521
578
442
134
686
172
823
927
110
155
478
632
309
155
616
25
196
436
10
25
360
538
241
471
926
537
864
510
839
369
20
684
535
609
733
54
117
254
323
784
461
7
13
852
893
727
933
335
710
341
692
206
455
603
590
202
922
59
390
784
734
691
837
680
508
448
37
57
122
337
693
856
596
578
415
716
530
522
711
99
213
572
423
984
901
456
621
697
714
649
740
443
810
492
112
123
108
824
873
992
481
543
856
59
232
642
374
31
796
982
490
640
478
207
117
358
127
847
97
14
205
902
779
504
903
684
749
118
627
311
974
642
535
819
385
603
622
815
637
275
701
971
740
112
464
762
55
823
475
312
486
197
570
894
960
366
195
640
487
759
146
620
604
957
893
656
783
609
973
311
20
126
218
530
598
525
412
27
632
307
88
989
45
592
297
49
541
17
933
183
562
264
88
184
92
555
108
787
36
750
490
108
216
798
208
984
978
827
672
135
783
792
243
393
117
962
179
906
800
686
517
550
134
43
791
678
299
759
691
248
635
171
255
932
756
401
45
260
168
966
94
119
696
270
298
964
53
770
224
952
638
918
556
208
347
805
649
730
232
290
192
282
157
970
291
247
826
437
917
317
513
911
669
856
353
210
423
582
962
864
883
641
372
763
28
232
665
606
241
342
695
580
540
991
705
900
317
676
161
541
733
6
989
104
430
817
671
404
94
50
211
785
752
821
336
428
256
250
149
431
200
378
892
941
324
701
830
910
736
604
181
309
137
798
47
986
349
674
934
954
876
358
784
129
926
387
508
641
441
915
541
218
251
501
255
840
61
758
525
12
122
373
188
420
897
612
875
542
277
770
964
940
169
101
352
318
289
8
88
505
232
882
168
137
466
41
61
411
856
522
809
682
703
816
163
653
453
370
806
850
328
359
22
80
678
614
334
804
210
707
536
9
602
332
908
251
17
991
675
495
745
399
879
574
38
207
483
679
575
802
637
994
698
156
284
121
154
531
518
640
32
281
303
557
803
308
414
256
201
781
959
840
517
610
347
369
222
865
567
132
499
350
528
625
734
308
142
850
856
230
356
590
640
980
196
748
267
664
135
349
950
490
72
10
882
437
510
325
319
998
920
557
507
493
598
694
33
282
575
873
99
491
789
358
909
613
352
475
937
928
967
261
529
474
406
461
78
999
562
740
118
311
714
676
312
123
197
347
860
564
921
422
49
287
178
188
46
583
454
571
554
247
366
334
523
35
780
537
59
619
523
96
54
689
183
770
997
941
118
849
457
115
23
785
598
34
719
350
714
563
741
109
555
997
95
490
849
788
344
154
114
368
775
694
994
113
347
31
270
17
844
251
731
515
170
220
855
100
874
354
250
837
460
739
819
764
446
669
309
173
981
251
826
393
611
329
80
572
281
902
156
599
602
812
881
189
443
855
782
700
87
152
190
285
291
553
96
303
858
905
205
691
5
969
241
390
262
57
261
22
619
871
278
487
639
137
420
23
623
590
11
93
912
164
888
43
702
601
234
441
81
595
960
737
778
13
802
263
961
660
916
782
478
702
576
511
317
222
346
996
27
671
539
922
70
904
951
464
117
736
903
461
393
488
742
922
693
612
600
656
292
840
738
877
879
234
213
290
655
304
900
293
445
704
812
383
138
676
692
309
93
87
99
333
669
145
498
598
937
93
280
474
937
569
373
294
612
220
934
764
97
133
675
773
944
300
580
937
775
308
865
742
551
804
148
352
275
274
878
318
207
804
80
812
144
882
951
755
222
548
462
587
341
960
744
324
806
403
425
887
444
508
424
742
222
77
283
272
856
234
115
390
319
763
700
173
69
721
667
897
868
35
174
979
809
325
642
619
709
623
590
865
826
574
807
181
109
452
880
648
665
103
396
605
694
213
739
334
614
647
591
136
686
759
488
295
206
911
486
684
695
863
269
840
99
831
541
418
674
256
983
153
191
941
466
239
776
274
773
279
294
537
917
713
327
791
348
415
321
243
750
274
574
931
804
214
44
228
518
275
30
739
522
165
807
726
54
179
134
455
184
392
810
930
32
453
243
318
488
738
27
14
861
168
320
693
402
766
168
230
10
363
632
32
69
838
765
140
931
578
71
346
280
424
125
314
839
17
282
168
163
720
225
888
512
320
280
279
834
474
115
314
250
425
553
22
608
857
150
222
656
566
75
217
852
924
527
573
366
23
115
836
744
747
832
522
399
124
315
701
812
48
879
319
892
146
502
147
303
954
202
123
865
932
6
920
765
238
50
977
686
779
876
703
797
219
46
44
553
165
625
991
68
643
997
141
86
331
410
769
623
49
338
823
496
727
990
68
167
774
843
748
567
277
377
451
938
757
141
766
897
918
210
649
940
272
547
356
183
361
587
336
376
431
810
158
39
705
436
603
293
111
823
144
776
428
795
512
921
151
110
604
186
159
165
426
824
461
855
546
684
356
925
867
623
693
547
333
434
817
703
185
393
113
236
686
350
950
324
947
549
374
799
273
977
678
103
379
372
436
276
973
61
552
238
790
360
40
885
749
69
511
400
368
973
227
356
460
12
44
520
506
290
896
349
463
846
770
49
4
355
439
387
139
645
749
944
940
175
111
804
919
744
963
947
892
926
716
548
53
760
482
991
256
222
899
480
445
344
496
124
186
350
984
966
738
269
493
784
732
105
683
203
434
876
284
422
904
212
685
794
134
579
141
864
657
101
613
191
78
861
396
946
512
934
480
390
963
683
198
868
357
33
822
484
861
151
822
703
619
332
965
989
277
122
760
844
358
723
542
664
262
880
142
898
533
229
956
222
147
907
800
685
703
602
884
924
513
881
759
594
106
864
718
564
829
785
853
443
628
338
973
254
108
541
61
453
553
937
110
913
296
134
276
414
298
764
799
633
994
549
12
272
239
507
484
30
726
417
681
533
234
870
751
243
514
782
662
293
912
550
874
148
444
716
60
446
400
394
108
86
417
369
59
373
545
955
787
231
517
255
697
785
769
223
99
167
766
584
723
154
783
262
985
448
684
445
563
596
12
996
609
716
981
100
84
580
362
331
440
981
924
113
306
55
317
318
785
619
87
360
215
122
787
964
179
598
616
407
705
480
358
473
458
526
948
442
438
401
706
814
774
297
774
327
635
180
603
169
135
489
766
505
931
885
362
668
955
786
619
995
280
194
448
381
894
933
577
453
547
102
838
362
872
49
806
425
593
992
784
165
994
687
970
543
213
92
417
9
946
247
823
405
340
22
255
111
415
187
82
99
139
327
319
789
663
761
451
193
791
608
401
192
157
317
286
470
251
671
900
326
603
701
528
316
886
877
262
513
56
992
551
937
980
37
704
259
751
705
882
171
159
727
251
503
596
606
334
981
395
897
600
152
426
990
221
601
763
926
112
447
658
464
806
392
193
310
713
346
713
463
983
388
380
49
284
747
447
901
790
69
620
704
901
943
78
46
175
933
567
181
399
224
685
469
807
400
215
76
92
643
599
202
76
550
421
671
809
27
225
902
90
98
713
476
182
114
830
814
107
117
161
211
859
206
704
542
444
416
298
273
447
82
738
609
655
162
565
661
43
551
69
789
277
266
77
962
632
714
48
725
452
693
358
88
571
736
895
643
357
204
334
415
429
240
188
699
943
351
934
541
3
498
944
122
744
185
604
21
344
514
730
109
748
888
206
183
526
625
167
802
805
539
639
516
409
920
41
416
541
990
616
329
33
779
1
150
272
403
137
326
337
293
571
72
833
951
234
10
518
340
934
533
527
190
181
287
305
108
843
652
105
321
723
175
816
766
552
387
228
889
955
27
142
795
989
471
515
607
149
856
452
818
524
126
894
962
402
240
651
492
488
621
298
277
133
408
799
530
607
763
754
907
832
844
618
81
319
514
702
546
313
857
313
588
981
213
140
218
672
480
283
17
14
39
769
894
805
598
674
794
297
416
992
139
114
759
627
304
726
771
630
468
669
196
104
51
318
762
867
150
457
527
335
364
268
195
768
918
76
387
716
997
388
784
847
25
522
442
469
709
917
542
504
855
123
180
742
837
872
643
468
212
480
597
162
866
379
997
166
872
567
391
753
541
867
59
181
464
901
99
536
857
341
31
269
906
439
86
502
748
970
657
304
851
629
359
570
58
450
165
712
782
37
144
55
822
197
500
988
860
420
71
18
643
52
256
698
512
17
139
959
589
632
877
634
81
788
421
218
456
33
297
393
798
25
615
269
522
701
482
681
771
126
130
276
590
914
299
284
6
676
307
976
52
546
644
406
54
193
918
168
493
245
35
517
239
162
776
167
641
545
713
605
969
808
392
548
467
294
639
803
350
994
862
112
105
264
703
479
509
230
221
769
538
87
638
617
587
874
541
417
504
597
169
62
839
217
976
795
338
230
25
44
253
379
369
214
884
347
660
366
479
155
198
499
57
310
781
285
546
840
262
694
512
249
725
814
690
596
348
715
87
400
772
417
558
908
301
103
339
881
648
323
649
110
146
471
167
596
41
466
686
860
403
342
355
337
520
721
215
736
196
307
190
828
439
227
154
878
235
713
422
14
519
842
226
804
328
939
519
58
902
961
176
480
580
886
106
252
953
901
953
908
861
735
168
682
819
739
362
231
490
511
359
995
174
803
120
134
171
48
709
975
968
439
281
695
327
124
433
943
228
174
366
38
589
120
400
537
539
912
398
50
434
572
211
106
854
993
881
934
685
605
125
718
654
30
345
575
694
710
731
175
453
304
219
938
7
245
829
318
991
680
847
924
224
614
147
44
878
56
678
72
834
110
105
695
112
39
401
885
522
48
109
256
233
742
914
50
17
98
85
310
587
150
399
448
402
470
649
702
305
251
478
256
639
781
991
113
914
642
575
866
184
457
669
636
320
147
274
829
770
324
343
202
995
160
911
824
822
104
167
240
807
512
929
48
782
335
950
222
752
572
42
39
308
747
27
383
815
573
110
44
860
386
626
61
655
913
149
261
663
361
770
26
495
944
495
589
669
985
866
307
917
604
76
376
119
298
686
357
100
383
180
809
214
355
485
763
277
152
424
235
994
532
592
178
1
800
294
503
761
472
447
947
332
398
920
308
76
852
65
531
287
669
391
740
629
509
917
96
734
463
131
875
555
376
887
136
58
42
878
49
814
978
225
534
752
530
431
144
563
867
882
450
221
31
549
576
630
710
815
22
643
893
135
835
8
36
618
468
683
146
298
307
840
858
666
814
371
881
309
175
145
814
906
340
528
57
692
514
92
845
2
888
604
395
963
454
446
588
635
595
932
801
413
681
259
805
995
179
897
781
59
226
307
623
834
423
269
9
490
831
591
775
32
661
448
186
181
428
321
192
227
364
127
267
404
269
99
518
574
264
256
239
370
483
300
567
581
917
801
800
468
234
820
634
420
52
764
779
561
726
49
976
73
88
937
680
121
723
419
889
742
418
798
185
51
214
732
218
905
197
955
32
490
112
635
767
217
362
588
464
373
134
822
115
369
634
465
235
766
581
156
922
274
440
71
747
750
19
662
154
120
948
471
938
481
567
620
262
933
17
951
421
969
470
591
518
313
685
870
104
38
63
662
132
509
660
626
8
967
927
6
36
364
682
201
230
323
193
479
707
230
200
80
215
916
743
414
376
813
46
825
822
83
979
379
77
455
769
867
747
781
606
925
689
329
447
369
211
849
451
770
427
409
285
746
336
421
808
513
192
645
234
369
625
281
557
375
154
722
816
960
114
436
159
328
448
672
170
122
119
16
104
505
882
963
475
27
42
121
359
182
70
892
919
1
78
30
913
641
840
680
25
854
932
215
60
839
251
489
705
255
259
234
69
770
482
120
339
667
59
900
30
936
829
668
912
447
244
810
248
897
697
963
754
924
224
550
999
676
582
93
931
473
226
269
385
93
689
279
778
729
392
6
901
122
827
31
320
498
801
333
921
666
761
928
910
353
924
641
823
892
280
808
331
805
207
774
88
588
174
654
740
479
946
132
396
326
116
441
984
445
915
30
461
15
442
702
687
246
307
817
110
498
762
901
284
948
995
132
210
22
264
54
755
899
924
202
515
92
244
184
546
114
689
840
364
496
65
136
583
406
890
997
810
16
664
126
615
692
15
322
630
989
940
908
198
639
81
890
318
589
225
356
413
430
433
214
424
223
258
143
336
775
474
359
591
948
10
362
428
135
786
496
36
371
165
992
933
752
861
661
771
814
805
969
336
672
590
67
274
855
613
593
97
553
918
549
23
683
123
742
244
209
685
127
358
383
702
748
739
584
125
149
847
867
616
814
141
152
176
914
748
255
722
817
789
885
887
653
656
875
311
313
767
5
799
631
466
2
312
335
438
603
251
682
410
765
382
534
533
320
2
643
824
645
230
464
619
891
713
799
238
359
776
858
616
20
405
282
444
370
375
894
303
843
487
297
370
376
821
637
346
873
85
923
344
15
853
195
947
134
607
508
231
455
318
9
635
456
433
271
994
707
191
989
178
636
955
748
480
428
534
334
316
500
328
283
361
747
737
630
242
450
437
490
14
349
510
690
272
115
300
599
40
752
601
647
102
830
991
350
981
901
573
15
28
534
936
848
60
935
931
137
593
64
466
668
559
920
583
166
819
762
909
692
333
818
851
416
955
106
147
316
876
68
286
121
969
507
391
949
582
960
705
257
992
334
43
435
397
395
659
504
713
594
551
975
403
327
170
538
252
625
928
282
676
782
415
497
153
617
164
38
441
791
357
224
982
899
272
505
681
142
47
775
704
717
565
20
314
861
16
365
993
542
225
27
744
275
250
633
391
390
504
333
446
221
79
816
771
349
370
934
15
931
172
505
373
947
126
820
162
203
532
767
255
660
886
595
914
672
510
450
571
309
588
734
161
872
608
387
686
113
677
749
670
206
160
934
116
40
481
98
41
809
971
991
939
862
419
546
909
996
165
415
2
181
797
973
755
473
446
712
254
463
277
215
133
548
616
297
416
519
649
337
168
892
149
690
802
279
731
573
805
947
11
76
616
978
261
832
634
139
210
50
7
380
314
114
14
194
738
378
499
307
782
62
217
952
90
31
151
497
745
213
243
754
872
62
874
717
171
337
910
108
859
242
634
311
406
424
522
631
23
183
114
613
348
859
834
752
829
690
963
816
580
808
245
280
178
424
647
28
261
373
705
510
360
857
146
967
753
372
709
394
830
219
629
805
412
412
742
313
878
39
591
684
927
724
46
617
299
466
226
680
414
983
95
631
237
222
777
913
936
457
782
810
728
914
995
67
893
762
205
313
409
335
296
366
869
514
118
709
216
355
409
927
196
634
638
650
679
460
740
462
623
927
114
76
709
323
639
852
494
509
67
475
794
302
639
90
120
692
109
551
795
379
81
913
225
190
109
64
807
784
549
390
776
825
626
328
241
450
930
90
175
252
73
833
408
956
496
12
120
133
574
161
21
463
493
33
647
631
247
614
758
799
601
752
677
869
933
623
682
593
193
416
881
3
38
631
303
901
99
101
767
171
118
459
806
185
688
158
310
159
911
312
407
159
389
106
834
343
514
819
806
696
606
801
401
918
398
65
846
845
329
383
821
826
873
237
587
10
84
750
825
830
594
796
282
598
975
502
561
111
103
974
133
29
955
570
547
487
773
917
50
162
733
892
270
770
318
160
871
497
561
175
239
679
759
571
60
236
239
507
302
853
942
917
910
292
498
386
799
218
172
130
153
236
77
805
660
215
376
449
254
532
505
486
193
600
992
207
977
966
674
456
343
545
96
188
551
793
115
333
146
868
964
733
648
211
869
670
362
601
600
112
443
243
330
189
979
502
361
399
225
946
452
586
553
609
424
113
854
545
438
325
477
339
995
756
34
357
452
803
426
410
905
895
373
873
515
416
574
278
43
156
246
57
21
541
55
830
146
392
567
31
43
789
235
471
872
691
419
385
908
723
6
70
369
123
777
566
637
350
985
413
649
363
115
326
334
743
789
442
736
20
642
740
771
373
830
6
728
767
473
90
748
933
288
718
767
724
110
709
312
334
964
108
129
829
96
718
440
316
790
896
289
929
950
677
270
374
999
60
746
793
67
844
794
443
402
593
543
202
766
518
629
240
856
878
833
106
327
847
288
481
702
948
890
118
156
624
680
815
66
474
576
812
916
872
908
501
536
893
155
404
146
539
66
986
22
159
476
347
960
998
25
337
663
185
417
5
109
62
195
825
813
186
443
322
188
989
93
497
827
839
179
836
864
600
857
909
424
131
132
364
305
772
542
26
747
104
958
847
299
6
390
263
195
242
222
694
187
411
210
534
993
782
426
32
134
203
685
84
308
285
424
625
975
879
995
457
506
789
346
755
668
270
699
624
677
561
302
283
849
58
181
103
63
904
587
34
956
905
789
231
947
90
797
915
651
554
43
144
238
163
521
23
88
576
819
157
184
580
288
590
840
63
635
308
902
9
371
789
74
341
449
367
496
852
954
47
998
989
970
268
388
81
736
7
838
242
600
38
862
700
237
432
944
453
971
929
333
375
854
768
120
302
166
477
29
394
626
550
556
860
978
18
449
534
143
499
587
870
162
974
821
231
65
74
823
14
138
400
562
376
527
414
957
642
787
849
618
691
727
348
654
991
479
28
491
438
319
681
147
17
716
916
84
358
84
40
913
843
599
923
578
295
616
427
600
658
864
835
75
541
439
936
733
118
633
326
669
798
456
784
656
239
470
795
309
908
688
387
534
983
751
486
90
225
291
531
749
664
781
752
434
137
626
65
432
95
981
621
802
786
132
11
134
335
73
771
768
827
7
839
804
2
491
487
305
863
246
346
4
670
808
376
546
817
190
554
131
794
50
382
628
779
86
786
989
380
104
715
6
910
409
370
787
445
768
570
938
700
956
985
459
611
396
322
402
339
740
718
268
411
974
594
592
929
894
53
573
430
519
709
104
124
759
828
356
611
508
277
947
950
700
104
621
664
27
744
762
580
736
39
714
204
44
354
224
970
586
1
411
91
658
97
945
587
396
684
186
584
944
216
572
522
944
311
964
768
60
651
262
557
842
365
458
289
748
552
788
442
230
656
35
609
285
848
259
370
38
585
966
832
394
636
855
38
932
54
819
319
513
346
556
370
535
993
333
16
641
90
147
285
553
644
680
782
844
138
476
258
885
902
199
206
207
53
437
488
302
328
937
770
152
377
199
120
65
889
158
835
21
342
198
142
197
947
411
317
811
487
351
663
986
545
335
202
829
877
301
807
445
863
683
505
625
80
917
402
129
514
363
172
796
834
545
790
648
622
968
88
22
545
583
99
762
808
419
447
339
271
125
902
49
383
861
461
703
829
336
536
432
708
356
493
921
147
699
806
402
255
458
465
121
578
733
254
34
312
515
67
399
171
46
426
272
211
297
355
393
555
163
229
832
264
57
118
154
429
495
549
908
366
407
760
342
396
621
581
814
526
544
14
254
862
953
856
626
759
582
267
929
698
339
242
460
424
691
562
196
264
381
821
781
333
702
561
882
465
614
142
935
243
4
515
721
704
826
958
811
126
997
579
255
390
726
34
593
587
933
612
391
287
396
31
701
68
966
641
5
887
812
786
562
8
893
589
311
971
467
461
788
250
417
482
219
998
4
709
151
726
149
735
246
916
552
437
218
901
981
553
438
830
293
235
894
450
165
338
457
173
640
821
357
905
51
518
365
866
320
485
818
39
104
948
623
476
101
346
563
266
942
871
957
180
569
239
548
402
384
37
918
638
120
292
942
159
297
164
949
889
307
219
294
738
667
983
184
245
743
66
550
97
39
615
543
283
752
128
183
97
165
250
926
85
49
38
922
660
972
211
648
689
82
143
698
620
770
194
751
122
121
88
45
963
713
702
739
285
44
468
244
287
492
798
558
828
180
139
91
29
14
843
784
90
667
700
202
177
892
25
212
895
429
136
132
763
12
133
510
787
952
387
243
53
935
144
168
945
987
472
462
408
285
405
897
134
183
246
109
979
218
495
351
799
237
163
797
380
603
331
985
224
717
309
539
168
824
978
689
317
392
641
30
138
667
16
717
974
211
434
328
560
197
198
967
188
148
456
944
131
326
495
656
808
765
768
167
454
869
35
124
742
225
776
911
534
698
678
787
18
948
876
554
358
104
388
681
172
532
167
474
833
922
711
640
75
465
217
545
536
686
769
309
887
255
575
777
93
404
398
536
87
365
408
305
903
852
474
599
217
323
36
983
72
833
50
561
764
696
637
164
564
201
153
572
821
332
412
930
684
650
353
613
235
185
965
295
381
165
782
890
914
141
869
220
499
995
982
194
716
662
679
96
96
856
196
902
969
969
678
771
343
257
965
795
156
728
51
686
335
663
331
879
349
591
751
8
924
696
682
10
611
388
40
317
115
276
67
883
730
730
327
350
753
659
552
904
252
327
86
165
390
751
249
141
414
242
920
906
188
234
834
175
649
908
500
226
414
178
846
430
592
908
515
349
598
12
731
335
301
698
266
281
142
733
741
701
292
292
937
55
46
321
431
174
576
798
223
539
245
744
373
713
808
781
386
961
42
96
515
75
801
685
915
251
351
985
761
634
250
356
824
26
249
104
613
14
173
586
279
802
173
885
661
264
394
652
178
40
246
762
134
205
837
544
20
523
647
230
99
293
380
464
548
651
348
134
648
225
716
230
601
79
945
688
24
448
258
349
242
151
129
991
17
416
958
915
234
65
853
917
627
32
425
678
915
366
819
745
806
730
385
399
138
917
791
85
957
969
699
91
807
734
866
317
574
526
485
307
383
339
368
113
401
493
62
541
549
726
6
259
373
32
268
814
654
242
354
501
551
927
750
909
182
859
520
664
816
467
993
554
125
656
734
471
246
86
923
354
820
854
154
473
571
104
981
418
492
782
619
744
504
88
505
323
726
915
866
898
689
503
940
298
823
272
996
785
308
887
651
166
215
189
129
861
436
147
894
858
401
179
95
833
345
601
178
18
476
967
511
233
28
187
257
151
223
366
986
358
87
743
182
535
600
887
527
992
817
574
958
811
159
780
876
683
155
547
926
366
653
745
509
135
598
426
623
348
228
704
488
656
962
567
595
218
958
22
902
572
756
66
11
208
139
813
766
583
655
671
175
3
60
240
607
28
289
395
920
712
334
768
745
309
855
266
853
553
647
753
34
721
118
455
264
139
845
332
859
210
159
74
178
986
12
48
111
42
634
683
924
860
848
217
614
858
550
70
699
298
437
922
159
916
882
760
720
287
411
220
919
573
151
893
468
887
494
406
364
395
846
900
440
352
773
855
283
788
310
550
28
632
433
980
590
639
235
249
688
663
373
420
349
468
586
980
722
763
275
529
579
424
48
178
138
504
288
500
187
800
910
202
320
175
445
230
581
652
102
269
223
261
93
557
993
507
325
392
457
992
246
673
198
653
591
322
595
255
774
50
439
926
244
860
975
698
96
313
280
843
687
513
700
8
375
79
846
51
243
355
151
780
14
281
368
241
18
490
899
101
643
506
708
989
460
113
970
871
434
504
710
825
376
824
303
942
50
262
769
787
409
120
461
318
286
704
404
817
270
92
923
915
79
352
888
499
65
490
147
458
263
565
750
34
84
787
751
308
393
891
657
919
951
775
7
675
176
851
280
381
443
41
800
222
192
710
796
243
749
926
924
259
573
189
502
491
46
551
848
796
33
21
683
165
571
203
987
544
321
721
21
545
512
678
825
54
700
857
331
868
101
281
398
590
816
625
402
368
359
688
900
314
594
634
876
927
388
583
807
652
577
654
538
285
749
13
65
184
259
782
742
142
321
202
184
357
63
435
358
708
461
210
181
732
785
51
984
157
85
687
410
547
367
447
137
328
270
787
330
14
538
641
996
595
613
46
416
963
9
969
275
723
953
117
137
555
106
530
391
207
632
382
252
137
803
861
973
291
912
50
778
737
761
794
716
495
389
220
283
75
315
54
994
749
730
177
407
901
385
557
637
893
44
357
675
883
622
513
838
418
50
755
682
573
489
260
235
830
638
823
567
464
348
120
94
425
116
230
174
471
147
183
652
905
563
330
965
159
64
578
337
544
742
476
365
52
393
20
109
813
762
364
833
812
769
636
262
30
76
382
802
180
451
263
641
983
280
672
410
567
637
884
809
814
591
838
28
765
996
437
495
753
161
749
991
360
31
265
985
353
839
830
833
313
620
441
415
264
763
681
135
440
303
728
617
232
412
952
207
844
503
379
764
463
709
701
93
408
327
859
782
196
576
851
322
918
318
943
877
23
726
140
553
678
46
447
304
313
256
723
812
84
67
526
867
61
648
430
851
919
428
995
88
535
837
792
418
137
318
324
791
632
367
853
708
249
704
697
242
313
103
534
125
996
928
799
110
419
86
756
255
399
452
383
95
242
623
913
505
781
128
115
268
529
936
886
889
780
752
30
70
72
687
926
400
33
479
833
818
14
213
179
384
635
968
656
507
573
976
76
19
547
238
111
932
408
611
148
431
16
691
36
300
293
784
218
323
606
286
686
393
447
986
139
236
657
428
37
743
120
836
540
819
320
492
455
359
898
413
486
405
501
984
932
246
142
194
604
947
559
553
929
633
898
154
530
634
496
9
888
562
351
534
627
655
30
525
248
641
880
974
58
527
430
367
833
366
147
976
975
136
321
578
793
801
164
68
688
158
203
418
926
952
814
670
571
97
907
983
233
354
709
342
401
33
210
84
709
887
327
655
860
523
100
600
743
733
933
695
458
129
80
999
944
410
116
708
305
719
47
729
568
692
772
605
265
344
535
93
81
496
166
607
324
149
910
135
981
228
238
425
40
234
514
825
640
670
750
971
823
45
646
369
597
102
104
119
58
597
770
223
474
934
283
556
827
445
922
991
662
998
540
727
875
237
990
964
552
345
955
794
83
621
783
509
570
667
537
162
915
545
183
973
61
91
48
639
650
288
620
219
135
858
92
798
478
963
628
767
776
292
268
498
912
137
57
380
327
743
595
215
509
159
734
628
493
820
809
918
784
167
709
697
762
365
593
457
654
694
290
78
153
450
834
439
223
54
4
906
394
250
206
14
840
189
32
959
463
992
596
648
975
225
142
802
650
640
37
399
6
934
848
915
391
306
178
5
672
64
933
397
876
557
121
321
433
335
891
284
597
984
979
250
292
310
116
394
919
843
552
750
699
571
933
371
848
939
244
868
475
806
291
335
481
551
884
865
18
471
141
517
124
513
54
716
201
294
260
376
75
977
143
504
328
669
924
21
785
649
276
102
481
715
219
862
221
269
142
953
697
937
567
750
498
165
122
591
810
900
778
869
725
929
203
492
87
63
41
52
525
440
906
389
834
93
503
592
626
397
721
870
923
499
716
616
743
669
652
55
592
152
20
108
699
421
145
771
544
170
328
22
63
911
204
437
248
956
241
434
203
156
155
842
234
495
453
932
19
201
426
303
456
433
542
136
597
68
110
400
134
404
856
610
187
680
527
364
260
702
758
545
149
855
371
841
492
878
12
600
805
68
380
780
95
935
906
720
86
395
248
712
193
148
229
990
633
648
41
146
250
835
368
648
372
77
461
721
233
839
35
863
307
241
200
106
488
504
902
265
263
13
570
361
806
566
863
157
86
209
520
111
736
765
176
632
892
324
639
559
665
470
308
818
119
1
960
468
381
141
830
658
64
721
533
110
697
928
506
267
901
639
161
730
700
791
880
925
566
870
319
139
361
333
40
13
368
470
61
559
718
121
418
373
528
923
500
730
608
202
991
836
911
124
133
938
670
223
919
382
706
166
144
223
784
337
777
862
339
281
109
80
827
869
156
355
845
632
582
214
706
310
697
388
8
343
550
876
36
503
61
97
863
401
861
613
675
847
866
704
563
66
850
985
226
539
154
35
668
509
444
569
512
592
790
916
994
720
818
984
181
263
422
431
449
245
10
567
592
968
918
369
869
470
140
229
265
489
54
751
267
650
624
745
752
26
223
497
619
751
539
973
738
957
203
412
325
347
282
471
366
996
503
846
696
574
260
815
962
494
61
798
957
600
84
22
160
297
927
568
51
670
470
243
525
568
24
832
24
981
628
726
418
711
971
8
368
96
877
550
948
565
487
247
437
887
939
7
983
89
69
522
935
723
945
401
746
466
594
170
368
245
116
228
320
319
225
410
216
509
353
99
356
391
511
442
175
486
72
256
102
803
659
856
92
63
172
489
983
91
709
671
521
133
855
235
466
195
277
186
283
958
656
808
888
771
55
757
222
405
355
508
740
51
715
258
147
854
923
476
762
71
101
87
788
231
302
163
606
553
496
788
901
823
907
698
431
116
590
830
308
271
861
758
500
914
189
288
152
719
539
846
913
36
216
96
894
451
639
641
429
554
173
65
759
5
932
670
729
33
161
601
833
18
162
195
856
578
847
766
325
251
224
396
992
832
523
831
463
495
823
568
785
184
940
144
861
831
59
567
4
348
891
154
393
146
236
942
238
785
102
45
347
371
211
924
24
244
943
234
520
379
636
993
279
270
690
783
498
687
984
973
9
526
181
940
865
729
741
305
650
69
735
203
119
287
529
308
403
550
349
783
169
921
852
856
596
300
545
798
524
805
320
41
419
43
362
282
295
666
656
433
207
188
884
308
348
230
601
266
809
634
235
276
467
769
185
111
545
115
18
429
525
102
638
929
811
445
277
676
297
854
438
637
935
340
340
432
353
225
462
885
758
511
161
841
979
833
263
662
513
342
176
734
453
139
827
285
852
792
369
989
61
155
105
259
796
175
983
851
26
747
345
851
764
775
498
329
711
278
330
48
403
8
663
478
527
669
478
15
939
899
262
234
993
185
620
708
134
417
829
854
443
270
845
14
716
767
634
821
326
169
667
672
796
225
165
847
273
320
394
307
419
712
976
119
552
536
82
949
352
682
89
372
533
692
880
524
704
268
124
782
613
764
711
952
104
619
754
750
998
711
859
495
108
201
203
972
825
187
648
980
192
339
707
875
749
646
116
992
39
686
17
989
180
216
686
952
624
615
899
141
970
403
898
285
849
884
173
401
252
798
304
965
464
790
656
749
671
457
283
820
808
852
853
850
343
288
549
495
754
496
917
79
995
370
734
31
893
141
724
897
293
613
680
357
261
73
827
815
170
231
689
496
999
59
728
979
626
213
508
826
655
100
884
101
224
723
265
722
582
147
601
214
976
242
178
448
973
690
484
524
194
216
612
634
863
592
907
437
100
666
662
537
495
370
600
360
244
106
395
135
531
388
879
122
189
597
356
912
874
232
470
653
842
273
568
736
629
803
238
402
538
986
559
833
803
497
355
601
363
921
540
987
51
697
687
109
218
275
869
556
375
522
266
613
310
926
440
567
487
212
662
227
539
607
903
84
246
166
528
636
124
999
192
112
943
392
869
865
886
122
85
517
533
637
614
741
746
216
148
522
861
616
416
5
415
779
869
193
449
840
174
983
326
378
974
714
870
897
366
262
231
913
261
754
337
668
381
400
7
66
635
94
25
261
610
907
70
381
925
691
622
392
589
927
526
353
399
391
70
310
561
302
296
856
125
189
198
153
26
650
566
114
345
739
52
621
957
264
758
549
653
723
707
934
648
727
5
264
683
878
719
368
223
425
104
453
751
911
989
154
828
461
805
325
788
774
221
80
728
185
316
774
868
299
371
114
973
496
424
885
172
628
993
996
844
795
834
648
673
460
918
268
831
529
397
503
585
651
477
709
235
451
430
271
3
821
584
442
678
579
135
589
639
865
395
577
612
609
346
563
25
722
936
760
210
394
893
382
882
744
91
222
350
149
233
35
61
939
619
187
441
654
76
24
780
201
291
268
569
898
165
852
774
965
463
577
641
357
767
842
700
329
434
354
59
70
444
310
763
918
420
948
963
395
731
499
890
459
530
526
909
918
637
731
619
831
205
389
191
690
158
187
985
925
165
363
539
44
271
54
88
119
125
614
785
153
911
562
43
907
167
214
976
252
121
546
766
318
72
772
34
766
954
266
467
187
357
665
996
282
38
538
432
618
703
622
562
542
239
307
776
839
141
517
985
819
20
246
156
724
16
629
118
25
969
416
808
270
763
902
179
973
780
885
321
489
590
842
461
965
8
583
706
448
667
835
524
545
69
524
762
118
997
888
788
252
824
493
434
345
966
154
928
968
363
94
452
497
996
89
651
755
503
286
121
21
303
145
287
949
739
609
789
7
716
215
264
607
637
483
998
31
908
820
508
830
615
390
609
904
500
811
843
421
339
285
169
399
58
353
506
493
942
393
331
474
121
177
47
193
673
421
906
989
989
335
594
9
370
834
218
875
462
792
25
507
920
648
771
843
956
762
331
834
783
696
539
98
1
879
154
471
973
784
662
345
154
351
124
923
63
216
189
246
991
477
519
231
422
372
576
517
249
827
776
240
570
864
436
54
480
743
586
757
235
641
836
558
247
224
481
8
102
858
267
424
809
522
50
47
372
952
764
163
738
978
830
852
370
510
710
600
778
788
378
374
466
867
907
224
277
82
955
913
548
812
812
912
14
857
23
451
455
486
419
490
804
396
734
287
640
353
53
233
159
746
176
697
502
924
995
388
542
478
300
732
909
561
386
966
56
179
614
699
727
491
741
812
33
156
691
273
995
73
470
171
895
340
408
10
735
727
984
354
903
16
175
782
534
530
387
806
517
320
746
388
562
10
544
629
744
18
461
720
640
918
638
731
946
453
56
942
357
592
919
886
529
649
925
131
853
394
224
592
248
755
716
358
479
576
394
645
980
591
374
460
450
39
925
62
460
522
945
704
427
777
922
3
764
365
764
611
720
347
611
717
839
582
308
877
475
742
925
84
816
143
145
643
300
629
756
898
404
576
906
654
675
513
211
377
22
139
103
549
455
114
839
851
808
203
326
513
196
843
699
60
409
567
8
783
949
955
78
490
177
682
11
34
98
427
230
438
693
143
660
8
519
227
684
547
108
152
155
687
517
650
199
929
318
222
424
317
155
30
320
414
959
115
33
723
519
390
131
761
44
211
642
530
964
499
354
533
173
622
952
403
135
341
570
174
261
845
880
900
17
531
969
526
306
933
732
94
835
1
969
355
886
37
590
392
623
426
16
361
654
346
251
124
204
81
315
68
942
861
762
673
33
282
502
925
118
889
83
913
65
641
414
680
638
542
619
458
202
56
781
813
156
679
67
20
419
717
43
287
736
729
271
528
438
297
224
276
980
322
656
684
824
384
411
391
701
130
762
272
6
715
227
422
376
611
26
59
977
668
273
276
95
999
184
196
87
535
554
748
711
106
834
284
248
232
609
211
385
425
142
125
3
713
822
533
378
284
48
849
881
626
223
247
176
722
554
592
433
578
749
870
708
891
641
991
193
25
535
311
697
594
771
920
652
287
848
96
737
462
356
779
718
419
443
942
779
394
437
283
853
348
329
54
872
599
473
217
199
83
936
12
624
263
642
186
696
414
129
342
749
870
567
151
113
529
235
719
835
103
761
160
624
366
525
375
251
593
661
73
298
448
186
693
257
396
805
613
386
965
75
141
568
543
497
507
77
116
706
771
747
898
288
413
279
485
641
404
456
422
76
537
58
918
498
430
451
789
329
369
251
629
32
157
375
824
873
646
193
740
997
624
377
297
754
165
619
562
49
144
705
629
762
794
467
734
595
867
962
392
504
355
17
226
563
103
2
97
47
12
831
20
650
418
739
237
432
452
201
851
711
94
320
336
193
897
565
680
106
526
334
780
369
741
506
42
846
537
873
713
541
308
757
682
125
662
475
555
209
378
913
289
362
517
374
949
710
398
243
795
401
856
999
557
693
934
571
49
391
272
727
279
551
446
711
688
855
948
8
136
183
463
402
341
951
63
701
427
40
797
964
731
883
671
177
345
225
748
682
229
304
100
863
743
924
165
421
617
753
877
669
461
966
904
545
396
474
255
853
688
464
645
424
118
474
365
314
54
492
201
388
72
838
553
72
48
600
283
281
791
943
181
699
254
381
717
75
813
773
118
93
911
783
604
287
33
905
156
546
936
992
802
483
459
592
143
779
606
888
366
165
127
135
748
194
335
197
982
370
187
911
803
366
620
122
293
66
301
724
280
516
269
341
902
78
748
143
226
225
382
967
239
833
505
369
469
321
849
486
201
306
323
182
373
103
769
661
745
311
535
502
921
635
317
579
185
891
42
424
646
909
582
776
403
862
132
386
471
453
851
28
20
605
881
800
770
518
20
430
234
496
467
611
483
5
121
383
305
749
901
994
405
658
743
598
260
223
704
1
13
694
350
669
836
